5.008743020284633474e+01 8.629373549585160674e+00 5.014372359038716809e+01 8.722951317364049828e+00
5.008627251052794094e+01 8.633134781524889334e+00 5.014260108842693597e+01 8.722698365725465308e+00
5.008466760946265595e+01 8.637594988954729658e+00 5.012560930610379017e+01 8.714658961661253755e+00
5.008535457537794855e+01 8.638716651848382000e+00 5.013501709547634988e+01 8.716670948237112526e+00
5.008559574232566547e+01 8.631808179674793635e+00 5.012459461047112086e+01 8.707371769974150411e+00
5.009436356506488153e+01 8.627021676422289787e+00 5.014560769118805439e+01 8.692394277675099090e+00
5.009856644681728710e+01 8.634640059905409615e+00 5.014643637177501034e+01 8.715873516505132201e+00
5.008688235742546624e+01 8.639739721768028957e+00 5.013866481720031487e+01 8.715993588154715255e+00
5.008477248478823896e+01 8.634136413616621653e+00 5.014273381054281487e+01 8.723984436697488576e+00
5.008709078982489871e+01 8.626255838350681771e+00 5.014515527368679670e+01 8.720697697874834731e+00
5.008399705902116494e+01 8.636638400669360394e+00 5.013619725359342993e+01 8.719852114356703154e+00
5.008544678045907972e+01 8.651175470132010048e+00 5.014276336515743537e+01 8.724457840347104920e+00
5.010050886101009127e+01 8.650861021487759928e+00 5.014195530818274449e+01 8.722168317675482285e+00
5.008657099854927708e+01 8.637124016173125085e+00 5.014113449471779660e+01 8.714989173225950125e+00
5.008941455571179802e+01 8.628340686181243058e+00 5.014418061227587486e+01 8.710286589772634258e+00
5.008370783277801763e+01 8.639660449187061886e+00 5.013236323409781647e+01 8.699066750960964711e+00
5.008911752502417869e+01 8.635681101406465388e+00 5.014386542939217151e+01 8.709295583011407160e+00
5.008936656886726979e+01 8.627642099773881412e+00 5.013613777641180747e+01 8.719791302362265739e+00
5.009302919475181426e+01 8.627541213151179278e+00 5.014305118109879089e+01 8.715882098725019844e+00
5.008642364914492617e+01 8.637669779389025138e+00 5.014245823029303750e+01 8.721939068566630482e+00
5.008672464685499648e+01 8.630494615402511727e+00 5.014441613331979397e+01 8.714016471339290248e+00
5.008476318323688758e+01 8.627368109108456196e+00 5.014017245520154376e+01 8.721510076726408656e+00
5.008577290216760503e+01 8.636441324444323442e+00 5.014643495223174341e+01 8.723225903980750928e+00
5.010955756279395246e+01 8.627342903734680490e+00 5.014088206925550395e+01 8.711714049737555143e+00
5.008819630529134059e+01 8.636967545455693340e+00 5.014353359633304308e+01 8.721627350440629201e+00
5.008601095717536822e+01 8.629324808422675019e+00 5.013728714489656113e+01 8.723603871560193568e+00
5.008747283629147518e+01 8.648310570917541185e+00 5.014600382043558113e+01 8.716732592484332187e+00
5.008381036228530547e+01 8.626887186589767609e+00 5.013797620280265477e+01 8.715337281147764514e+00
5.009637933952038225e+01 8.625598167330654320e+00 5.013768160690283082e+01 8.712798143289450792e+00
5.008733443414710962e+01 8.633717592684183373e+00 5.013788690625849398e+01 8.717854850359669783e+00
5.008501660022124469e+01 8.629636208298727240e+00 5.013767001150944225e+01 8.713428242978080718e+00
5.008687827386086866e+01 8.630152679519703440e+00 5.014377495112079686e+01 8.699088874657048720e+00
5.008925846469333010e+01 8.629003980352642600e+00 5.014307456934248819e+01 8.714799539878578472e+00
5.008433027064530307e+01 8.635699558767043982e+00 5.014389222993827389e+01 8.718454442280913597e+00
5.008356911843360848e+01 8.640162039167988084e+00 5.013992724876343487e+01 8.717693559137895676e+00
5.008603442627313740e+01 8.636648609903163631e+00 5.014327747348591657e+01 8.702010306821104990e+00
5.008378618937358340e+01 8.688081475450498914e+00 5.014578068565411684e+01 8.713858235397831109e+00
5.008446053651179142e+01 8.625928946775017536e+00 5.014572225834515962e+01 8.718487023109002365e+00
5.009446248827072168e+01 8.642863823690593250e+00 5.013868433652341849e+01 8.723185494237974069e+00
5.008601721179683608e+01 8.627857609213963386e+00 5.014476035509804319e+01 8.714946635734001745e+00
5.009063617853266237e+01 8.627381958381656446e+00 5.014615323030430716e+01 8.706063448392034942e+00
5.008935149314823576e+01 8.629019847152671119e+00 5.014368190187215646e+01 8.701459092932978479e+00
5.009344864891620830e+01 8.628785220170515302e+00 5.013844122877685550e+01 8.723654352162672154e+00
5.009988856625861331e+01 8.639319579146924610e+00 5.014022954295874257e+01 8.723342904560224653e+00
5.009702989287423236e+01 8.631018381090258984e+00 5.014490932986233673e+01 8.711226555977544805e+00
5.008840298653241518e+01 8.626848956755274855e+00 5.014346304690839418e+01 8.720437906150332097e+00
5.009252303364184655e+01 8.631522217443780676e+00 5.013786877382331397e+01 8.699910398430105829e+00
5.008778317297991833e+01 8.637275427437911546e+00 5.014641654232742951e+01 8.689053798180120580e+00
5.009137811807723750e+01 8.661829135012231617e+00 5.014268040605974619e+01 8.712438143649672284e+00
5.008358341292208848e+01 8.632658392284445981e+00 5.014199897932360983e+01 8.715454041556016662e+00
5.009037887371776065e+01 8.636337465362920796e+00 5.013062965035565810e+01 8.719219636448917399e+00
5.009187637641646518e+01 8.629096711443732914e+00 5.014583905372400352e+01 8.720854338530303451e+00
5.009047837443637974e+01 8.629088463958902722e+00 5.014564668616194609e+01 8.716657643308867165e+00
5.008660832953614062e+01 8.628291083489200375e+00 5.014134951301794274e+01 8.722513945198063112e+00
5.008909619479012321e+01 8.644088553256478846e+00 5.014345259791085141e+01 8.715614609845092176e+00
5.008452973401224995e+01 8.630676752680317421e+00 5.013666790265527595e+01 8.711579958678628444e+00
5.008991331645525946e+01 8.627100916464884861e+00 5.014400278370647612e+01 8.721441893139084911e+00
5.009274030891354812e+01 8.627656555358161228e+00 5.014615343033445782e+01 8.723741633374540783e+00
5.008697986194595586e+01 8.628202641517688676e+00 5.014397125218719253e+01 8.714330327216156746e+00
5.010658740652336718e+01 8.641780629727408680e+00 5.014608539728331493e+01 8.717814112629399759e+00
5.008688631111596123e+01 8.643076384298529646e+00 5.014010323130415259e+01 8.712387674880165633e+00
5.008358182318704621e+01 8.626973383022066955e+00 5.014227381611394208e+01 8.696677248316582620e+00
5.008688205691505857e+01 8.634998789516082240e+00 5.014272744857847641e+01 8.714869733060675472e+00
5.008480329971055767e+01 8.639648587082827902e+00 5.013703624591892094e+01 8.718873892847573970e+00
5.008874171822063204e+01 8.627711860406172661e+00 5.014299063167587178e+01 8.713019556027031598e+00
5.008865931738348820e+01 8.634484367417153194e+00 5.014623465342783248e+01 8.721626741588222487e+00
5.008365121642081164e+01 8.628104401354660169e+00 5.012755137429351748e+01 8.722409883671405240e+00
5.009622993876124042e+01 8.629564494336989355e+00 5.014045600601050268e+01 8.714661167755153315e+00
5.008648934720823576e+01 8.641076626979828035e+00 5.014409209154414526e+01 8.718991476077261993e+00
5.009439517616722526e+01 8.631123721217839773e+00 5.014411150941202067e+01 8.724120305481616100e+00
5.009261452562392947e+01 8.628594174573917641e+00 5.013971396344329889e+01 8.706649979253334948e+00
5.008732686978600412e+01 8.629382351124638362e+00 5.014538453817119290e+01 8.713107634257521994e+00
5.008915680808545545e+01 8.630614875154364540e+00 5.013935080436662162e+01 8.723866546642002007e+00
5.008859641064058366e+01 8.627946800893120383e+00 5.014442019047965005e+01 8.724153017898171214e+00
5.008476521765746270e+01 8.629125198656995011e+00 5.014274558912244117e+01 8.722256300493597792e+00
5.009639986729231964e+01 8.639267500496394803e+00 5.014173528054251960e+01 8.717821337158644823e+00
5.009419458622604537e+01 8.628245201210106075e+00 5.014065839128601709e+01 8.711879658661157322e+00
5.008730372621111826e+01 8.646164591563664459e+00 5.014397159402125936e+01 8.721632907773825494e+00
5.008412373740245727e+01 8.639380395505700250e+00 5.014613307994314084e+01 8.721309944082324961e+00
5.008373537078362148e+01 8.630930145646292573e+00 5.014421109587833314e+01 8.716428820474471095e+00
5.009894140171436305e+01 8.636181552982932885e+00 5.013454665708371039e+01 8.721539294269003761e+00
5.008979277149342835e+01 8.635632371582726563e+00 5.014235243223217964e+01 8.723773404470010817e+00
5.008795412938974323e+01 8.629436671967823713e+00 5.013969396605054385e+01 8.716178808091273211e+00
5.009166956329780618e+01 8.645308754345897739e+00 5.013871351023777123e+01 8.717546784915867875e+00
5.010083094987105312e+01 8.637308127826701210e+00 5.014446581807691672e+01 8.706784569122188344e+00
5.008452120523479323e+01 8.630001990082840635e+00 5.014040128821735465e+01 8.720122690424769729e+00
5.009024494553690232e+01 8.630255029053849114e+00 5.013877581946769624e+01 8.715074408476084500e+00
5.008389638777511266e+01 8.627375905803324585e+00 5.014533079699495488e+01 8.701363655327936542e+00
5.008369087717872503e+01 8.635208504915679484e+00 5.014643383875812077e+01 8.722174797999288742e+00
5.008716464395021717e+01 8.633776884479415159e+00 5.014597444345864830e+01 8.722744152793952210e+00
5.009852575798350927e+01 8.629010585547863599e+00 5.014539757920527308e+01 8.721416232660249790e+00
5.009081762538568228e+01 8.632846450908109759e+00 5.014532157959522607e+01 8.713620591504776414e+00
5.009378380248390528e+01 8.626482255262848398e+00 5.014543824593583565e+01 8.720114566466488526e+00
5.008750537225489552e+01 8.636812833917259624e+00 5.014279242807863568e+01 8.715133392704588644e+00
5.008906411538801251e+01 8.632756529663707212e+00 5.014372670483658823e+01 8.715498565270934250e+00
5.009076968475956448e+01 8.625886320942688812e+00 5.013153891681459129e+01 8.722905529106093070e+00
5.009306866167430883e+01 8.629262974665371289e+00 5.013674844824892318e+01 8.722720336714717249e+00
5.008424317294982586e+01 8.630981009900741796e+00 5.013413672023941814e+01 8.716467406816118313e+00
5.008561165469478027e+01 8.643533331416932697e+00 5.013636385631416204e+01 8.722482424240689980e+00
5.008501698080596043e+01 8.629219364396167435e+00 5.014489425167408854e+01 8.708208970742758126e+00
