3.884267740550443992e+00
5.324082533068031253e+00
4.743835143657009645e+00
3.621800529325889251e+00
4.409356479463499845e+00
4.583786559382499348e+00
3.928063431291531682e+00
3.039941303146344254e+00
3.973534067236789813e+00
4.440084454281239879e+00
4.681048877169593503e+00
3.960499853124983538e+00
4.999599004469748031e+00
3.730407011793104743e+00
3.509390750730165376e+00
2.913011936149586756e+00
4.490521936206332221e+00
5.018914270649842635e+00
4.314831413873237764e+00
3.922466281690608181e+00
4.928462813957800392e+00
4.311808775001799710e+00
4.435225680977515239e+00
4.039410398214069886e+00
3.604148802709229660e+00
5.128472826040984422e+00
4.327975749003977413e+00
5.394386347783831859e+00
4.871539993436034166e+00
3.986291890851598296e+00
4.220655745170494022e+00
4.280131037107323344e+00
3.533735792881215865e+00
4.106730173236812220e+00
5.169193253065164306e+00
5.646061631976722950e+00
3.075385279732411270e+00
3.695034541654195870e+00
3.020300525296579330e+00
2.826976237269862136e+00
4.650995553145934380e+00
3.719640822175062311e+00
4.427821376859977676e+00
4.049270053508747580e+00
3.580581623118316514e+00
3.518860024294573563e+00
4.028741089255762020e+00
3.597543754519873627e+00
5.301029183104940756e+00
4.152107312544464968e+00
4.403456229572896063e+00
3.707853717672579208e+00
3.980916313356518632e+00
3.508257487066686053e+00
4.522392070703929789e+00
4.268687026938899010e+00
3.115314047324969415e+00
4.301349267351314509e+00
3.586595369074422557e+00
3.081334987296112438e+00
4.461861070019252473e+00
4.131160497684989608e+00
3.891965410564113714e+00
4.322024489341401932e+00
4.137681876653759083e+00
3.852944697209401248e+00
4.833100718116509320e+00
3.768943596484256808e+00
4.502362443007609905e+00
4.518182727100657381e+00
3.790975543062048203e+00
3.418267629894645943e+00
3.955858700785250814e+00
4.604971078379525906e+00
3.424260310142859698e+00
3.667642314090049815e+00
4.137698320167203292e+00
4.582075509160307369e+00
3.385873522582647510e+00
4.063891980865382614e+00
4.248584837659013402e+00
4.596176531877687488e+00
4.037050939530198335e+00
4.192823140975402652e+00
4.919355042060899130e+00
4.106185073788397588e+00
4.274850846217169931e+00
4.407107635538013213e+00
5.304089805759955034e+00
4.982695042309009281e+00
3.651178053713650229e+00
4.225819599144684524e+00
3.933324484205144689e+00
4.665395100920457949e+00
3.508791339775958473e+00
3.815208750702912432e+00
4.275468471229832979e+00
4.004432422698362970e+00
4.304111562525968715e+00
3.826887974001139447e+00
